xiaofeng 2 23 540 24 0 1805313401 32676 0 0 123456 beijing huangke 0 4330449552352997445468160.000000 32676 -nan -1 0.000000 0 0.000000 32766 0.000000 1 0.000000 0 0.000000 0 0.000000 0 0.000000 0 0.000000
xiaofeng 2 240 540 24 0 1151571321 32685 0 0 4882388989 beijign tianjing 0 14.871224 32685 -nan -1 0.000000 0 27.465454 32764 0.000000 1 0.000000 0 0.000000 0 0.000000 0 0.000000 0 0.000000
xiaofeng 2 240 540 24 0 1151571321 32685 0 0 4882388989 beijign tianjing 0 14.871224 32685 -nan -1 0.000000 0 27.465454 32764 0.000000 1 0.000000 0 0.000000 0 0.000000 0 0.000000 0 0.000000
xiaofeng 2 240 540 24 0 1151571321 32685 0 0 4882388989 beijign tianjing 0 14.871224 32685 -nan -1 0.000000 0 27.465454 32764 0.000000 1 0.000000 0 0.000000 0 0.000000 0 0.000000 0 0.000000
xiaofeng 2 24 540 24 0 97023353 32599 0 0 12341 beijing tianjian 0 0.000000 32599 -nan -1 0.000000 0 -0.000000 32764 0.000000 1 0.000000 0 0.000000 0 0.000000 0 0.000000 0 0.000000
xiaofeng 2 24 540 24 0 97023353 32599 0 0 12341 beijing tianjian 0 0.000000 32599 -nan -1 0.000000 0 -0.000000 32764 0.000000 1 0.000000 0 0.000000 0 0.000000 0 0.000000 0 0.000000
xiaofeng 2 24 540 24 0 97023353 32599 0 0 12341 beijing tianjian 0 0.000000 32599 -nan -1 0.000000 0 -0.000000 32764 0.000000 1 0.000000 0 0.000000 0 0.000000 0 0.000000 0 0.000000
dkgakj 2 323 540 24 0 180209017 32549 0 0 1111 alla kgaj 0 0.000000 32549 -nan -1 0.000000 0 -33989749269288335293022208.000000 32766 0.000000 1 0.000000 0 0.000000 0 0.000000 0 0.000000 0 0.000000
dkgakj 2 323 540 24 0 180209017 32549 0 0 56362 alla kgaj 0 0.000000 32549 -nan -1 0.000000 0 -33989749269288335293022208.000000 32766 0.000000 1 0.000000 0 0.000000 0 0.000000 0 0.000000 0 0.000000
dkgakj 2 323 540 24 0 180209017 32549 0 0 56362 alla kgaj 0 0.000000 32549 -nan -1 0.000000 0 -33989749269288335293022208.000000 32766 0.000000 1 0.000000 0 0.000000 0 0.000000 0 0.000000 0 0.000000
dkgakj 2 323 540 24 0 180209017 32549 0 0 56362 alla kgaj 0 0.000000 32549 -nan -1 0.000000 0 -33989749269288335293022208.000000 32766 0.000000 1 0.000000 0 0.000000 0 0.000000 0 0.000000 0 0.000000
dkgakj 2 323 540 24 0 180209017 32549 0 0 3333 alla kgaj 0 0.000000 32549 -nan -1 0.000000 0 -33989749269288335293022208.000000 32766 0.000000 1 0.000000 0 0.000000 0 0.000000 0 0.000000 0 0.000000
23151 2 32 540 24 0 979084665 32733 0 0 111222 beijing lllll 0 0.000010 32733 -nan -1 0.000000 0 -0.000000 32766 0.000000 1 0.000000 0 0.000000 0 0.000000 0 0.000000 0 0.000000
23151 2 32 540 24 0 979084665 32733 0 0 111222 beijing lllll 0 0.000010 32733 -nan -1 0.000000 0 -0.000000 32766 0.000000 1 0.000000 0 0.000000 0 0.000000 0 0.000000 0 0.000000
23151 2 32 540 24 0 979084665 32733 0 0 111222 beijing lllll 0 0.000010 32733 -nan -1 0.000000 0 -0.000000 32766 0.000000 1 0.000000 0 0.000000 0 0.000000 0 0.000000 0 0.000000
23151 2 32 540 24 0 979084665 32733 0 0 111222 beijing lllll 0 0.000010 32733 -nan -1 0.000000 0 -0.000000 32766 0.000000 1 0.000000 0 0.000000 0 0.000000 0 0.000000 0 0.000000
23151 2 32 540 24 0 979084665 32733 0 0 111222 beijing lllll 0 0.000010 32733 -nan -1 0.000000 0 -0.000000 32766 0.000000 1 0.000000 0 0.000000 0 0.000000 0 0.000000 0 0.000000
23151 2 32 540 24 0 979084665 32733 0 0 111222 beijing lllll 0 0.000010 32733 -nan -1 0.000000 0 -0.000000 32766 0.000000 1 0.000000 0 0.000000 0 0.000000 0 0.000000 0 0.000000
23151 2 32 540 24 0 979084665 32733 0 0 222 beijing lllll 0 0.000010 32733 -nan -1 0.000000 0 -0.000000 32766 0.000000 1 0.000000 0 0.000000 0 0.000000 0 0.000000 0 0.000000
xiaofeng 2 24 540 24 0 -701016711 32726 0 0 2345 jjj kkk 0 -557012549632.000000 32726 -nan -1 0.000000 0 -0.000000 32766 0.000000 1 0.000000 0 0.000000 0 0.000000 0 0.000000 0 0.000000
xiaofeng 2 24 540 24 0 -701016711 32726 0 0 2345 jjj kkk 0 -557012549632.000000 32726 -nan -1 0.000000 0 -0.000000 32766 0.000000 1 0.000000 0 0.000000 0 0.000000 0 0.000000 0 0.000000
xiaofeng 2 24 540 24 0 -701016711 32726 0 0 2345 jjj kkk 0 -557012549632.000000 32726 -nan -1 0.000000 0 -0.000000 32766 0.000000 1 0.000000 0 0.000000 0 0.000000 0 0.000000 0 0.000000
xiaofeng 2 24 540 24 0 -701016711 32726 0 0 2345 jjj kkk 0 -557012549632.000000 32726 -nan -1 0.000000 0 -0.000000 32766 0.000000 1 0.000000 0 0.000000 0 0.000000 0 0.000000 0 0.000000
xiaofeng 2 24 540 24 0 -701016711 32726 0 0 2345 jjj kkk 0 -557012549632.000000 32726 -nan -1 0.000000 0 -0.000000 32766 0.000000 1 0.000000 0 0.000000 0 0.000000 0 0.000000 0 0.000000
xiaofeng 2 24 540 24 0 -701016711 32726 0 0 2345 jjj kkk 0 -557012549632.000000 32726 -nan -1 0.000000 0 -0.000000 32766 0.000000 1 0.000000 0 0.000000 0 0.000000 0 0.000000 0 0.000000
